image_width: 800
image_height: 600
camera_name: narrow_stereo/right
camera_matrix:
  rows: 3
  cols: 3
  data: [867.257263, 0.000000, 400.000000, 0.000000, 873.133551, 300.000000, 0.000000, 0.000000, 1.000000]
distortion_model: plumb_bob
distortion_coefficients:
  rows: 1
  cols: 5
  data: [0.080778, -0.271024, 0.002943, -0.003035, 0.000000]
rectification_matrix:
  rows: 3
  cols: 3
  data: [0.999973, 0.000744, -0.007324, -0.000733, 0.999999, 0.001390, 0.007325, -0.001385, 0.999972]
projection_matrix:
  rows: 3
  cols: 4
  data: [884.456771, 0.000000, 405.647087, -26.390569, 0.000000, 884.456771, 300.670483, 0.000000, 0.000000, 0.000000, 1.000000, 0.000000]
