image_width: 800
image_height: 600
camera_name: right_camera
camera_matrix:
  rows: 3
  cols: 3
  data: [907.5653032125224, 0, 400, 0, 908.8886810389005, 300, 0, 0, 1]
distortion_model: plumb_bob
distortion_coefficients:
  rows: 1
  cols: 5
  data: [0.1260509685755077, -0.2860157893801117, 0.003787372115206679, -0.008957611844319088, 0]
rectification_matrix:
  rows: 3
  cols: 3
  data: [0.9994924712491231, 0.002900424228250664, -0.03172361038118172, -0.002946255466861078, 0.9999946824963255, -0.001398055004999261, 0.03171938673815802, 0.001490811312403034, 0.9994957018349734]
projection_matrix:
  rows: 3
  cols: 4
  data: [947.0168668127036, 0, 418.8264770507812, -28.05736172986457, 0, 947.0168668127036, 302.4909973144531, 0, 0, 0, 1, 0]