image_width: 1280
image_height: 720
camera_name: narrow_stereo/left
camera_matrix:
  rows: 3
  cols: 3
  data: [1062.752726, 0.000000, 640.000000, 0.000000, 1066.100902, 360.000000, 0.000000, 0.000000, 1.000000]
distortion_model: plumb_bob
distortion_coefficients:
  rows: 1
  cols: 5
  data: [0.079332, -0.214996, -0.005294, -0.000560, 0.000000]
rectification_matrix:
  rows: 3
  cols: 3
  data: [0.999351, 0.004415, -0.035748, -0.004464, 0.999989, -0.001294, 0.035742, 0.001452, 0.999360]
projection_matrix:
  rows: 3
  cols: 4
  data: [1096.025840, 0.000000, 691.615448, 0.000000, 0.000000, 1096.025840, 357.215767, 0.000000, 0.000000, 0.000000, 1.000000, 0.000000]
