image_width: 800
image_height: 600
camera_name: left_camera
camera_matrix:
  rows: 3
  cols: 3
  data: [901.0611991071564, 0, 400, 0, 901.8845762487081, 300, 0, 0, 1]
distortion_model: plumb_bob
distortion_coefficients:
  rows: 1
  cols: 5
  data: [0.1196311821886043, -0.210454740423182, 0.007197974111642388, -0.006556881626972343, 0]
rectification_matrix:
  rows: 3
  cols: 3
  data: [0.9999258125793274, 0.000626410909763312, -0.01216457754894021, -0.0006088367811339467, 0.9999987658043061, 0.00144834651883524, 0.01216546979553149, -0.001440832827504026, 0.9999249598571971]
projection_matrix:
  rows: 3
  cols: 4
  data: [947.0168668127036, 0, 418.8264770507812, 0, 0, 947.0168668127036, 302.4909973144531, 0, 0, 0, 1, 0]