image_width: 640
image_height: 480
camera_name: narrow_stereo/right
camera_matrix:
  rows: 3
  cols: 3
  data: [886.030477, 0.000000, 320.000000, 0.000000, 889.611564, 240.000000, 0.000000, 0.000000, 1.000000]
distortion_model: plumb_bob
distortion_coefficients:
  rows: 1
  cols: 5
  data: [0.034881, -0.209237, -0.008442, -0.001075, 0.000000]
rectification_matrix:
  rows: 3
  cols: 3
  data: [0.999410, 0.001943, -0.034293, -0.001921, 0.999998, 0.000670, 0.034294, -0.000603, 0.999412]
projection_matrix:
  rows: 3
  cols: 4
  data: [901.267348, 0.000000, 355.280838, -27.046632, 0.000000, 901.267348, 236.604786, 0.000000, 0.000000, 0.000000, 1.000000, 0.000000]
