image_width: 640
image_height: 480
camera_name: right_camera
camera_matrix:
  rows: 3
  cols: 3
  data: [886.0304765026596, 0, 320, 0, 889.6115635368658, 240, 0, 0, 1]
distortion_model: plumb_bob
distortion_coefficients:
  rows: 1
  cols: 5
  data: [0.03488074399796656, -0.2092367759742102, -0.008441855511929686, -0.001074520222737543, 0]
rectification_matrix:
  rows: 3
  cols: 3
  data: [0.9994099447129935, 0.001942931264900646, -0.03429267307853216, -0.001921096059556008, 0.9999979304645938, 0.0006696689177235756, 0.03429390322930843, -0.0006033942569153107, 0.9994116089563247]
projection_matrix:
  rows: 3
  cols: 4
  data: [901.2673475429751, 0, 355.2808380126953, -27.04663184742385, 0, 901.2673475429751, 236.6047859191895, 0, 0, 0, 1, 0]