image_width: 640
image_height: 480
camera_name: left_camera
camera_matrix:
  rows: 3
  cols: 3
  data: [879.9511425170278, 0, 320, 0, 884.6757303360138, 240, 0, 0, 1]
distortion_model: plumb_bob
distortion_coefficients:
  rows: 1
  cols: 5
  data: [0.1505221319382521, -0.8632366826128615, -0.01204183224966118, 0.0005381373367939898, 0]
rectification_matrix:
  rows: 3
  cols: 3
  data: [0.9993396295313024, 0.001647445426850866, -0.0362986331947163, -0.00167055754460199, 0.9999984207563258, -0.0006064011413910623, 0.03629757685754222, 0.0006666396475272846, 0.9993408034829017]
projection_matrix:
  rows: 3
  cols: 4
  data: [901.2673475429751, 0, 355.2808380126953, 0, 0, 901.2673475429751, 236.6047859191895, 0, 0, 0, 1, 0]