image_width: 640
image_height: 480
camera_name: narrow_stereo/right
camera_matrix:
  rows: 3
  cols: 3
  data: [771.113849, 0.000000, 320.000000, 0.000000, 766.955278, 240.000000, 0.000000, 0.000000, 1.000000]
distortion_model: plumb_bob
distortion_coefficients:
  rows: 1
  cols: 5
  data: [0.132443, -0.303935, 0.021021, -0.001074, 0.000000]
rectification_matrix:
  rows: 3
  cols: 3
  data: [0.988110, 0.068513, -0.137640, -0.069833, 0.997547, -0.004777, 0.136975, 0.014332, 0.990471]
projection_matrix:
  rows: 3
  cols: 4
  data: [1063.132773, 0.000000, 438.237099, -14.028346, 0.000000, 1063.132773, 239.199020, 0.000000, 0.000000, 0.000000, 1.000000, 0.000000]
