position: [-0.080547470, -0.075442855, -0.065663824]
# XYZW
quaternion: [0.510286, -0.487145, -0.513705, 0.488267]