position: [-0.08913667, -0.07823405, -0.05698948]
# XYZW
quaternion: [-0.503478243224, 0.491973475529, 0.527659880252, -0.475443801883]