image_width: 800
image_height: 600
camera_name: right_camera
camera_matrix:
  rows: 3
  cols: 3
  data: [883.2617225492586, 0, 400, 0, 885.747408416271, 300, 0, 0, 1]
distortion_model: plumb_bob
distortion_coefficients:
  rows: 1
  cols: 5
  data: [0.1115324168467513, -0.536886807392972, -0.00213627488089801, -0.01051333116568109, 0]
rectification_matrix:
  rows: 3
  cols: 3
  data: [0.9996307223875064, 0.003709561877213419, 0.0269194726863477, -0.003673017845528355, 0.9999922648244491, -0.001406851511343893, -0.02692448326223412, 0.001307456289007483, 0.9996366153553571]
projection_matrix:
  rows: 3
  cols: 4
  data: [905.8264308877182, 0, 353.6531791687012, -27.03503303507398, 0, 905.8264308877182, 299.3940696716309, 0, 0, 0, 1, 0]