image_width: 800
image_height: 600
camera_name: left_camera
camera_matrix:
  rows: 3
  cols: 3
  data: [881.0047135770805, 0, 400, 0, 882.8254796409012, 300, 0, 0, 1]
distortion_model: plumb_bob
distortion_coefficients:
  rows: 1
  cols: 5
  data: [0.09797210097494101, -0.4077955821005167, -0.0001996228790031589, -0.005779798919320032, 0]
rectification_matrix:
  rows: 3
  cols: 3
  data: [0.9988671750987788, 0.002194674629940079, 0.04753472323948307, -0.002259208778466186, 0.9999965978550377, 0.001303937899328223, -0.04753169980003719, -0.001409851630030818, 0.9988687350360409]
projection_matrix:
  rows: 3
  cols: 4
  data: [905.8264308877182, 0, 353.6531791687012, 0, 0, 905.8264308877182, 299.3940696716309, 0, 0, 0, 1, 0]