image_width: 640
image_height: 480
camera_name: right_camera
camera_matrix:
  rows: 3
  cols: 3
  data: [613.0115606303722, 0, 319.5, 0, 614.0048070435713, 239.5, 0, 0, 1]
distortion_model: plumb_bob
distortion_coefficients:
  rows: 1
  cols: 5
  data: [-0.4796751371096505, 0.2565077146000651, 0.0005743402016086268, 0.001459182995545302, 0]
rectification_matrix:
  rows: 3
  cols: 3
  data: [0.9992115855515968, 0.00429932488127782, -0.03946800102651572, -0.004115452225881843, 0.9999803030168208, 0.004738842829588651, 0.03948759745084911, -0.004572677984757411, 0.9992095977639565]
projection_matrix:
  rows: 3
  cols: 4
  data: [573.7823210692449, 0, 333.1203193664551, -35.5874545857788, 0, 573.7823210692449, 239.8532104492188, 0, 0, 0, 1, 0]