image_width: 640
image_height: 480
camera_name: camera
camera_matrix:
  rows: 3
  cols: 3
  data: [481.962977443156, 0, 319.6, 0, 481.962977443156, 239.60000000000002, 0, 0, 1]
distortion_model: plumb_bob
distortion_coefficients:
  rows: 1
  cols: 5
  data: [-0.4298934333656513, 0.1524966197253368, -0.004157955985138071, -2.790566005326881e-05, 0]
rectification_matrix:
  rows: 3
  cols: 3
  data: [0.9998351136746422, 0.001333025462733094, 0.01810990078192926, -0.001245280820880245, 0.9999874364576925, -0.004855533178702499, -0.01811614580678696, 0.004832180655567221, 0.9998242121949333]
projection_matrix:
  rows: 3
  cols: 4
  data: [429.21636568176774, 0, 321.58173828125, 0, 0, 429.21636568176774, 235.91905212402344, 0, 0, 0, 1, 0]