image_width: 640
image_height: 480
camera_name: right_camera
camera_matrix:
  rows: 3
  cols: 3
  data: [432.6577023064541, 0, 340.1716269630421, 0, 432.4956129692245, 261.3733567075197, 0, 0, 1]
distortion_model: plumb_bob
distortion_coefficients:
  rows: 1
  cols: 5
  data: [-0.3657986371337894, 0.101991547320541, -0.0008652751292751385, 0.001315316303551316, 0]
rectification_matrix:
  rows: 3
  cols: 3
  data: [0.9991282059250951, 0.01006772201287041, -0.04051504780167954, -0.009740230013989534, 0.9999183433660203, 0.00827251590679243, 0.04059502486974717, -0.007870678091824191, 0.9991446824070073]
projection_matrix:
  rows: 3
  cols: 4
  data: [390.2262507637284, 0, 354.8997955322266, -23.3747859762987, 0, 390.2262507637284, 258.2382507324219, 0, 0, 0, 1, 0]