image_width: 1280
image_height: 960
camera_name: right_camera
camera_matrix:
  rows: 3
  cols: 3
  data: [898.8330441160133, 0, 640, 0, 898.5978305609192, 480, 0, 0, 1]
distortion_model: plumb_bob
distortion_coefficients:
  rows: 1
  cols: 5
  data: [-0.3984360149537951, 0.1302381183957002, 0.009177901416678803, 0.007710077375683005, 0]
rectification_matrix:
  rows: 3
  cols: 3
  data: [0.9961576691494052, 0.001688068114017877, -0.08756168466210906, -0.001104952081779918, 0.9999768937947517, 0.006707529910237196, 0.08757098421121665, -0.006585005895380255, 0.996136516960219]
projection_matrix:
  rows: 3
  cols: 4
  data: [804.8238334780527, 0, 759.8519859313965, -48.44003808199636, 0, 804.8238334780527, 503.2182693481445, 0, 0, 0, 1, 0]