image_width: 640
image_height: 480
camera_name: left_camera
camera_matrix:
  rows: 3
  cols: 3
  data: [423.1471112604944, 0, 320, 0, 421.2904622393936, 240, 0, 0, 1]
distortion_model: plumb_bob
distortion_coefficients:
  rows: 1
  cols: 5
  data: [-0.3579638700472463, 0.09653893510874777, 0.005503252453304629, 0.006126033516074158, 0]
rectification_matrix:
  rows: 3
  cols: 3
  data: [0.9981025426405593, 0.01330330554699361, -0.06011935159309242, -0.01367811641359474, 0.9998894703129642, -0.00582720247082179, 0.06003518556502252, 0.006638465092408737, 0.9981741868408491]
projection_matrix:
  rows: 3
  cols: 4
  data: [376.3885752593845, 0, 377.631555557251, 0, 0, 376.3885752593845, 246.6690807342529, 0, 0, 0, 1, 0]