image_width: 640
image_height: 400
camera_name: left_camera
camera_matrix:
  rows: 3
  cols: 3
  data: [621.4452622858025, 0, 320, 0, 615.4667732048125, 200, 0, 0, 1]
distortion_model: plumb_bob
distortion_coefficients:
  rows: 1
  cols: 5
  data: [0.15070255349237, -0.3798895171787925, -0.01581523839761485, -0.008171299610210412, 0]
rectification_matrix:
  rows: 3
  cols: 3
  data: [0.9734267072272962, 0.08017986383496961, -0.2145032286284503, -0.07587368703153548, 0.9967172429935, 0.02824749786577088, 0.2160639471843094, -0.01122171799867849, 0.9763147257786774]
projection_matrix:
  rows: 3
  cols: 4
  data: [819.6329210395897, 0, 476.9863090515137, 0, 0, 819.6329210395897, 185.3173160552979, 0, 0, 0, 1, 0]