image_width: 640
image_height: 400
camera_name: right_camera
camera_matrix:
  rows: 3
  cols: 3
  data: [621.9143009357231, 0, 320, 0, 614.3798775596573, 200, 0, 0, 1]
distortion_model: plumb_bob
distortion_coefficients:
  rows: 1
  cols: 5
  data: [0.217762346508342, -0.7298436065973353, -0.01679154383614535, -0.001947513312817479, 0]
rectification_matrix:
  rows: 3
  cols: 3
  data: [0.9785357570159653, 0.09053373405595626, -0.1851254040888957, -0.09421346059479065, 0.9954894750779948, -0.01115924960255942, 0.1832801028042743, 0.02836102972079446, 0.9826515434828517]
projection_matrix:
  rows: 3
  cols: 4
  data: [819.6329210395897, 0, 476.9863090515137, -29.05421423947562, 0, 819.6329210395897, 185.3173160552979, 0, 0, 0, 1, 0]