image_width: 640
image_height: 480
camera_name: left_camera
camera_matrix:
  rows: 3
  cols: 3
  data: [611.7377502730706, 0, 319.5, 0, 612.231818848256, 239.5, 0, 0, 1]
distortion_model: plumb_bob
distortion_coefficients:
  rows: 1
  cols: 5
  data: [-0.5037143295261193, 0.3819236440016173, 0.0005642893808635725, 1.63763407651642e-05, 0]
rectification_matrix:
  rows: 3
  cols: 3
  data: [0.9999940627954884, 0.002381769725022968, 0.002490290495044879, -0.002370147401833023, 0.9999863350013614, -0.004659636449171682, -0.002501354646252903, 0.004653706428410495, 0.9999860430233074]
projection_matrix:
  rows: 3
  cols: 4
  data: [573.7823210692449, 0, 333.1203193664551, 0, 0, 573.7823210692449, 239.8532104492188, 0, 0, 0, 1, 0]