image_width: 800
image_height: 600
camera_name: camera
camera_matrix:
  rows: 3
  cols: 3
  data: [602.9948245997665, 0, 399.5, 0, 602.9948245997665, 299.5, 0, 0, 1]
distortion_model: plumb_bob
distortion_coefficients:
  rows: 1
  cols: 5
  data: [-0.4636073680776721, 0.2185703378749756, -0.003358157553366307, 0.002430069515988154, 0]
rectification_matrix:
  rows: 3
  cols: 3
  data: [0.9997444194720775, 0.004362837956288799, -0.02218245656833231, -0.004255326821165673, 0.9999789821524298, 0.004891568974842521, 0.02220333146363066, -0.004795925182667, 0.9997419722976316]
projection_matrix:
  rows: 3
  cols: 4
  data: [536.5204571022097, 0, 401.9771728515625, -32.87681978373746, 0, 536.5204571022097, 294.8988151550293, 0, 0, 0, 1, 0]