image_width: 640
image_height: 480
camera_name: left_camera
camera_matrix:
  rows: 3
  cols: 3
  data: [431.4507496150295, 0, 344.7312860471412, 0, 430.6478416129813, 259.6907088699951, 0, 0, 1]
distortion_model: plumb_bob
distortion_coefficients:
  rows: 1
  cols: 5
  data: [-0.3904741847470717, 0.1319180465487317, 0.0009857665604328415, -0.0001815308043690617, 0]
rectification_matrix:
  rows: 3
  cols: 3
  data: [0.9999462131357777, 0.008958786446312551, -0.005225990894283217, -0.009000686327367178, 0.9999270903498368, -0.008049945971578053, 0.005153492122251638, 0.008096550495016206, 0.9999539426338733]
projection_matrix:
  rows: 3
  cols: 4
  data: [390.2262507637284, 0, 354.8997955322266, 0, 0, 390.2262507637284, 258.2382507324219, 0, 0, 0, 1, 0]