image_width: 1280
image_height: 960
camera_name: left_camera
camera_matrix:
  rows: 3
  cols: 3
  data: [891.0602508481616, 0, 640, 0, 885.7514642915589, 480, 0, 0, 1]
distortion_model: plumb_bob
distortion_coefficients:
  rows: 1
  cols: 5
  data: [-0.3915568637606772, 0.1152879537104406, 0.009723885954818053, 0.006365630852483455, 0]
rectification_matrix:
  rows: 3
  cols: 3
  data: [0.9978472868867984, 0.003518041971757485, -0.06548599417692666, -0.003953854834718757, 0.9999708845505485, -0.006526644094756795, 0.06546112651491334, 0.006771516217111611, 0.9978321439418154]
projection_matrix:
  rows: 3
  cols: 4
  data: [804.8238334780527, 0, 759.8519859313965, 0, 0, 804.8238334780527, 503.2182693481445, 0, 0, 0, 1, 0]