image_width: 640
image_height: 480
camera_name: right_camera
camera_matrix:
  rows: 3
  cols: 3
  data: [427.1618288810735, 0, 320, 0, 427.6932507098669, 240, 0, 0, 1]
distortion_model: plumb_bob
distortion_coefficients:
  rows: 1
  cols: 5
  data: [-0.3723108146480134, 0.1167635979679492, 0.006061826212398793, 0.0094248612795365, 0]
rectification_matrix:
  rows: 3
  cols: 3
  data: [0.9964029096859218, 0.0111243473956719, -0.08400887134374119, -0.01059979709762099, 0.9999214580828234, 0.006687448467810653, 0.08407666662587261, -0.005772916121057384, 0.9964425661163524]
projection_matrix:
  rows: 3
  cols: 4
  data: [376.3885752593845, 0, 377.631555557251, -22.23153841754693, 0, 376.3885752593845, 246.6690807342529, 0, 0, 0, 1, 0]